-0.5275223
0.5767447
-0.9990747
0.5706257
-0.6047182
-0.2889777
-0.2631913
0.2559056
0.9486268
-0.2410434
-0.4094888
-0.0008188486
-0.7562211
0.4952673
0.8435071
-0.5687938
-0.5430822
-0.5321124
0.2290047
0.5461826
0.6806848
0.3594348
-0.3338727
-0.8020408
-0.3291022
0.9841285
0.01333821
0.4585213
-0.03100216
-0.7813127
0.507503
-0.4930574
0.1970938
0.1455914
-0.6730959
-0.7843103
-0.8578186
-0.07837832
-0.9034679
0.7482424
-0.3868026
-0.4691216
-0.1165746
0.898793
0.3670132
-0.7230527
0.6497586
-0.7219522
-0.8182437
0.6924028
0.04953587
-0.869004
0.9672947
0.613763
-0.5524683
-0.03535473
0.5749571
0.8888819
-0.1093138
-0.280614
0.1726145
0.68837
0.650672
0.3676741
0.849376
-0.5189755
-0.05545986
-0.8548186
0.1159824
0.9090321
0.2062854
0.8205903
-0.5585594
0.09809053
0.7506635
0.705513
-0.1963297
-0.6295037
-0.056059
0.006921649
-0.6810966
0.3025207
-0.7282019
-0.477913
-0.1872715
-0.5928946
-0.5003812
-0.1477901
-0.1832868
-0.5780306
-0.5365162
-0.4201914
0.4748108
-0.7343185
0.9242845
-0.3835241
0.9090986
0.3495271
0.1235918
0.3146119
-0.02573168
-0.4827801
0.02346027
0.6433191
0.4194533
-0.2073523
-0.7889225
0.3223941
0.4524226
0.7620809
-0.4835571
-0.1914145
0.1378626
-0.09824169
-0.5423348
0.96524
0.284352
-0.7537153
0.489782
-0.4035317
0.3794124
0.1963073
0.2494231
0.6459274
0.4735546
-0.5947516
0.6267228
0.7013328
-0.8479364
-0.6549723
0.5045795
-0.5802164
-0.250873
0.9715166
0.6784286
0.5962536
0.7644837
-0.01771843
0.2952422
-0.2302324
0.5671615
0.3102424
0.759769
0.3614656
-0.02199781
-0.9561999
-0.8988349
-0.94454
0.5500333
-0.08697522
-0.7244866
0.9700134
0.7219372
-0.2432011
-0.5894442
-0.5215726
0.5196499
0.9345098
0.9740801
0.09806716
-0.1807679
-0.2779056
0.8155646
-0.816179
0.1957277
-0.5245728
0.9857516
-0.5214865
-0.3748816
0.1900886
-0.5997267
-0.5423279
-0.4262953
-0.6639221
0.5359847
0.8557978
0.3237395
0.8881683
0.9621375
0.2903554
-0.2025818
0.1633624
-0.1285051
0.4274046
0.008207917
-0.1537212
0.4591359
0.1545805
-0.7460234
0.6709571
-0.7264867
0.8624847
-0.9482219
0.2809295
